Name,Length of Sequence,Ratio of A Base [%],Ratio of G Base [%],Ratio of C Base [%],Ratio of T Base [%]
NODE_2_length_171_cov_3.309942,221,33.48,21.72,14.03,30.77
NODE_3_length_202_cov_3.970297,252,15.08,43.25,24.6,17.06
NODE_4_length_270_cov_6.007407,320,15.0,39.06,35.0,10.94
NODE_5_length_160_cov_5.950000,210,24.76,30.48,25.71,19.05
NODE_6_length_167_cov_3.724551,217,22.58,39.63,11.06,26.73
NODE_7_length_131_cov_4.748092,181,26.52,40.88,18.78,13.81
NODE_8_length_250_cov_3.024000,300,17.33,31.67,22.33,28.67
NODE_9_length_129_cov_4.527132,179,10.61,40.22,33.52,15.64
NODE_10_length_103_cov_4.621359,153,13.73,46.41,24.84,15.03
NODE_11_length_111_cov_6.270270,161,24.84,32.3,14.29,28.57
NODE_12_length_117_cov_5.829060,167,34.13,31.74,11.38,22.75
NODE_13_length_128_cov_2.421875,178,14.04,52.81,24.16,8.99
NODE_14_length_297_cov_9.784512,347,17.29,49.86,18.73,14.12
NODE_15_length_138_cov_6.463768,188,37.23,25.0,14.89,22.87
NODE_59_length_218_cov_6.706422,268,20.15,36.94,29.85,13.06
NODE_60_length_104_cov_3.134615,154,20.13,35.06,11.69,33.12
NODE_63_length_238_cov_2.983193,288,20.83,38.19,21.53,19.44
NODE_64_length_172_cov_4.651163,222,22.52,36.49,30.63,10.36
NODE_65_length_110_cov_133.581818,160,14.37,49.38,25.62,10.62
NODE_66_length_136_cov_2.941176,186,18.28,31.72,23.66,26.34
NODE_67_length_119_cov_5.226891,169,15.98,42.01,33.14,8.88
NODE_68_length_154_cov_6.012987,204,27.45,47.55,11.27,13.73
NODE_69_length_136_cov_5.558824,186,14.52,29.57,30.11,25.81
NODE_70_length_171_cov_5.380117,221,15.38,45.25,27.6,11.76
NODE_71_length_187_cov_8.224599,237,28.69,21.52,20.25,29.54
NODE_72_length_188_cov_5.393617,238,4.62,35.29,46.64,13.45
NODE_73_length_220_cov_6.818182,270,21.48,45.93,20.74,11.85
NODE_74_length_198_cov_4.676768,248,18.15,41.13,18.15,22.58
NODE_75_length_102_cov_6.490196,152,9.21,26.32,20.39,44.08
NODE_76_length_218_cov_6.954128,268,21.64,35.07,26.12,17.16
NODE_77_length_134_cov_7.462687,184,16.85,44.57,16.3,22.28
NODE_78_length_224_cov_4.098214,274,26.28,28.1,27.01,18.61
NODE_79_length_115_cov_9.600000,165,18.18,36.97,30.91,13.94
NODE_80_length_178_cov_6.247191,228,16.67,39.91,24.56,18.86
NODE_81_length_217_cov_9.640553,267,14.23,44.19,29.59,11.99
NODE_82_length_162_cov_2.740741,212,30.19,29.25,11.79,28.77
NODE_83_length_170_cov_3.529412,220,22.27,45.0,24.55,8.18
NODE_84_length_153_cov_7.581699,203,16.75,45.81,26.11,11.33
NODE_85_length_164_cov_7.317073,214,22.43,27.1,15.89,34.58
NODE_86_length_169_cov_2.366864,219,32.42,34.25,15.98,17.35
NODE_87_length_140_cov_4.285714,190,25.26,37.37,13.16,24.21
NODE_88_length_302_cov_5.668874,352,21.88,26.42,40.62,11.08
NODE_89_length_230_cov_6.086957,280,22.5,37.86,25.71,13.93
NODE_90_length_201_cov_4.975124,251,18.73,38.65,30.68,11.95
NODE_91_length_169_cov_2.366864,219,31.05,21.92,9.59,37.44
NODE_92_length_80_cov_13.875000,130,28.46,58.46,10.77,2.31
NODE_93_length_114_cov_7.017544,164,17.07,43.9,26.83,12.2
NODE_94_length_167_cov_4.275449,217,9.68,44.7,16.59,29.03
NODE_95_length_188_cov_6.382979,238,23.11,30.25,31.09,15.55
NODE_96_length_114_cov_3.508772,164,23.78,28.05,12.2,35.98
NODE_97_length_357_cov_4.492997,407,15.23,36.36,30.96,17.44
NODE_98_length_106_cov_3.773585,156,26.28,23.08,19.87,30.77
NODE_99_length_217_cov_8.294930,267,21.72,32.21,27.34,18.73
NODE_100_length_150_cov_4.000000,200,23.5,28.5,25.0,23.0
NODE_113_length_156_cov_5.128205,206,21.84,39.81,15.53,22.82
NODE_114_length_161_cov_9.366460,211,17.54,52.61,18.96,10.9
NODE_115_length_152_cov_3.342105,202,35.64,23.76,17.33,23.27
NODE_116_length_116_cov_8.655172,166,22.29,50.6,19.28,7.83
NODE_119_length_82_cov_5.317073,132,14.39,50.0,21.97,13.64
NODE_120_length_205_cov_7.258537,255,17.65,42.75,21.18,18.43
NODE_121_length_169_cov_2.366864,219,22.37,37.9,15.98,23.74
NODE_122_length_210_cov_3.809524,260,15.77,44.23,16.92,23.08
NODE_123_length_179_cov_4.145251,229,14.85,47.16,25.33,12.66
NODE_124_length_196_cov_2.040816,246,8.94,31.71,45.93,13.41
NODE_125_length_202_cov_6.930693,252,19.44,44.84,26.19,9.52
NODE_126_length_196_cov_7.520408,246,15.85,49.19,19.92,15.04
NODE_127_length_198_cov_3.979798,248,14.92,30.65,38.31,16.13
NODE_128_length_126_cov_4.761905,176,15.34,38.64,28.41,17.61
NODE_129_length_106_cov_5.660378,156,27.56,30.77,17.31,24.36
NODE_130_length_251_cov_8.398406,301,14.95,49.17,26.58,9.3
NODE_131_length_139_cov_3.755396,189,18.52,51.85,17.99,11.64
NODE_132_length_125_cov_6.400000,175,25.14,35.43,17.71,21.71
NODE_133_length_195_cov_7.558974,245,15.51,33.47,24.49,26.53
NODE_134_length_167_cov_4.179641,217,18.89,35.48,20.74,24.88
NODE_135_length_224_cov_12.241072,274,17.88,36.5,29.93,15.69
NODE_136_length_157_cov_4.828025,207,17.39,34.3,9.18,39.13
NODE_137_length_196_cov_5.908163,246,30.08,23.98,18.29,27.64
NODE_138_length_146_cov_3.356164,196,19.39,51.53,20.92,8.16
NODE_139_length_122_cov_6.360656,172,26.16,28.49,21.51,23.84
NODE_140_length_113_cov_4.424779,163,11.66,49.69,11.04,27.61
NODE_141_length_144_cov_4.166667,194,23.71,30.41,31.44,14.43
NODE_142_length_216_cov_8.648149,266,27.44,24.81,18.8,28.95
NODE_143_length_126_cov_9.174603,176,23.86,30.11,25.57,20.45
NODE_144_length_139_cov_5.223022,189,15.34,52.38,17.99,14.29
NODE_146_length_175_cov_3.474286,225,29.33,27.56,20.89,22.22
NODE_147_length_169_cov_3.479290,219,26.03,34.25,20.55,19.18
NODE_148_length_195_cov_3.076923,245,11.84,33.88,38.37,15.92
NODE_149_length_173_cov_5.976879,223,13.0,43.95,18.39,24.66
NODE_156_length_219_cov_11.552511,269,22.3,33.83,18.22,25.65
NODE_157_length_139_cov_10.776978,189,9.52,42.86,34.39,13.23
NODE_158_length_122_cov_2.852459,172,27.33,34.88,18.6,19.19
NODE_159_length_207_cov_3.864734,257,12.84,41.25,29.57,16.34
NODE_160_length_201_cov_3.980099,251,9.96,39.04,33.07,17.93
NODE_164_length_213_cov_5.023474,263,25.48,39.54,26.62,8.37
NODE_165_length_51_cov_14.941176,101,13.86,37.62,21.78,26.73
NODE_166_length_208_cov_5.769231,258,25.97,25.97,22.87,25.19
NODE_167_length_180_cov_3.955555,230,24.78,39.57,27.83,7.83
NODE_168_length_168_cov_4.690476,218,15.14,39.45,21.56,23.85
NODE_169_length_260_cov_6.096154,310,24.84,43.87,19.35,11.94
NODE_170_length_146_cov_10.958904,196,28.57,32.14,27.55,11.73
NODE_171_length_214_cov_6.607477,264,21.59,34.85,25.76,17.8
NODE_172_length_213_cov_7.971831,263,19.39,50.19,19.01,11.41
NODE_173_length_118_cov_4.457627,168,5.95,53.57,25.0,15.48
NODE_174_length_106_cov_3.773585,156,28.85,41.03,19.87,10.26
NODE_175_length_117_cov_3.418803,167,22.75,39.52,23.35,14.37
NODE_176_length_131_cov_22.442749,181,9.39,43.09,29.83,17.68
NODE_177_length_160_cov_6.250000,210,20.95,28.57,20.95,29.52
NODE_179_length_235_cov_6.808511,285,10.18,43.16,30.18,16.49
NODE_180_length_116_cov_3.629310,166,24.7,47.59,19.28,8.43
NODE_181_length_52_cov_4.423077,102,22.55,45.1,20.59,11.76
NODE_190_length_129_cov_5.627907,179,19.55,56.42,12.85,11.17
NODE_191_length_196_cov_4.081633,246,17.07,40.65,31.3,10.98
NODE_192_length_102_cov_3.921569,152,19.74,34.87,23.03,22.37
NODE_208_length_116_cov_5.172414,166,16.87,49.4,20.48,13.25
NODE_221_length_127_cov_3.385827,177,16.38,47.46,22.6,13.56
NODE_222_length_139_cov_10.935252,189,25.4,30.69,25.93,17.99
NODE_223_length_200_cov_6.000000,250,6.0,46.8,33.2,14.0
NODE_224_length_297_cov_4.484848,347,20.46,50.14,21.61,7.78
NODE_225_length_216_cov_9.324074,266,18.8,56.02,17.67,7.52
NODE_231_length_271_cov_8.516605,321,15.89,54.52,15.26,14.33
NODE_232_length_136_cov_6.735294,186,20.43,48.92,19.89,10.75
NODE_233_length_193_cov_6.217617,243,9.47,26.75,33.74,30.04
NODE_234_length_125_cov_11.216000,175,24.57,35.43,21.14,18.86
NODE_235_length_197_cov_8.071066,247,10.53,38.46,39.27,11.74
NODE_237_length_94_cov_2.425532,144,17.36,48.61,23.61,10.42
NODE_238_length_351_cov_6.831909,401,16.71,42.89,24.44,15.96
NODE_239_length_204_cov_3.921569,254,22.05,27.56,25.59,24.8
NODE_240_length_217_cov_3.686636,267,18.73,45.32,19.48,16.48
NODE_241_length_116_cov_3.448276,166,6.63,46.99,30.72,15.66
NODE_242_length_238_cov_7.252101,288,14.24,53.82,22.22,9.72
NODE_243_length_175_cov_8.628572,225,14.22,37.33,32.0,16.44
NODE_244_length_285_cov_7.473684,335,14.93,45.67,24.48,14.93
NODE_245_length_149_cov_12.067114,199,14.57,46.23,22.61,16.58
NODE_246_length_204_cov_4.901961,254,17.72,34.25,33.07,14.96
NODE_247_length_126_cov_5.666667,176,19.89,32.39,21.59,26.14
NODE_248_length_185_cov_3.243243,235,21.7,35.74,20.0,22.55
NODE_249_length_138_cov_8.971014,188,24.47,29.79,11.7,34.04
NODE_250_length_261_cov_3.831418,311,19.61,38.26,28.94,13.18
NODE_251_length_132_cov_5.833333,182,28.57,37.36,8.79,25.27
NODE_252_length_159_cov_4.993711,209,16.27,33.01,37.8,12.92
NODE_253_length_187_cov_7.828877,237,14.77,34.18,41.35,9.7
NODE_254_length_133_cov_4.511278,183,30.6,29.51,14.75,25.14
NODE_255_length_113_cov_8.902655,163,23.93,26.99,25.15,23.93
NODE_256_length_260_cov_9.315385,310,16.45,35.48,35.16,12.9
NODE_257_length_153_cov_3.921569,203,29.56,27.59,14.78,28.08
NODE_258_length_161_cov_5.763975,211,15.17,46.92,27.01,10.9
NODE_259_length_184_cov_3.260870,234,21.37,43.16,19.23,16.24
NODE_260_length_134_cov_5.970149,184,13.04,45.11,26.63,15.22
NODE_261_length_153_cov_3.084967,203,34.48,34.98,14.29,16.26
NODE_262_length_151_cov_4.622517,201,26.37,43.28,12.44,17.91
NODE_263_length_179_cov_4.469274,229,19.21,45.85,23.58,11.35
NODE_264_length_206_cov_4.640777,256,21.88,22.27,34.77,21.09
NODE_265_length_115_cov_2.591304,165,15.76,47.27,28.48,8.48
NODE_267_length_70_cov_4.114286,120,25.0,65.0,5.0,5.0
NODE_268_length_215_cov_6.474419,265,12.83,27.17,25.28,34.72
NODE_269_length_228_cov_5.096491,278,29.86,26.26,14.03,29.86
NODE_270_length_127_cov_6.299212,177,22.6,39.55,20.9,16.95
NODE_271_length_246_cov_6.504065,296,18.24,43.92,22.97,14.86
NODE_272_length_177_cov_4.519774,227,28.19,25.55,18.94,27.31
NODE_273_length_152_cov_5.000000,202,10.89,56.93,18.32,13.86
NODE_275_length_126_cov_14.150794,176,22.73,17.61,23.3,36.36
NODE_283_length_256_cov_5.390625,306,16.01,50.65,24.84,8.5
NODE_284_length_171_cov_5.847953,221,14.03,42.99,28.51,14.48
NODE_299_length_210_cov_2.857143,260,26.54,36.15,16.92,20.38
NODE_300_length_231_cov_6.060606,281,27.05,25.98,20.28,26.69
NODE_301_length_171_cov_5.543859,221,16.29,28.51,31.67,23.53
NODE_302_length_157_cov_6.318471,207,26.09,28.99,23.19,21.74
NODE_303_length_169_cov_3.550296,219,15.98,45.66,24.2,14.16
NODE_304_length_143_cov_4.195804,193,22.28,24.87,21.24,31.61
NODE_311_length_212_cov_6.603774,262,18.32,33.97,25.57,22.14
NODE_312_length_156_cov_5.294872,206,23.79,47.09,15.53,13.59
NODE_313_length_142_cov_7.366197,192,16.67,54.69,14.06,14.58
NODE_314_length_194_cov_6.123711,244,13.93,39.75,35.66,10.66
NODE_315_length_141_cov_14.943262,191,14.66,47.12,26.18,12.04
NODE_317_length_141_cov_11.900709,191,11.52,50.26,25.13,13.09
NODE_318_length_134_cov_2.686567,184,28.26,32.61,20.65,18.48
NODE_319_length_257_cov_5.268483,307,10.75,45.28,27.36,16.61
NODE_320_length_273_cov_11.351648,323,15.17,54.18,17.96,12.69
NODE_321_length_168_cov_14.464286,218,17.43,31.19,25.23,26.15
NODE_322_length_106_cov_2.433962,156,16.03,53.85,23.08,7.05
NODE_323_length_108_cov_3.703704,158,25.32,29.11,8.86,36.71
NODE_324_length_166_cov_5.108434,216,20.37,37.96,17.13,24.54
NODE_325_length_209_cov_4.736842,259,14.67,44.79,25.87,14.67
NODE_326_length_181_cov_18.187845,231,20.35,52.81,23.38,3.46
NODE_341_length_158_cov_2.531646,208,10.1,42.31,29.33,18.27
NODE_342_length_167_cov_8.383233,217,11.98,43.32,30.88,13.82
NODE_343_length_157_cov_7.643312,207,15.46,41.55,33.82,9.18
NODE_344_length_125_cov_3.200000,175,12.0,54.86,22.86,10.29
NODE_345_length_213_cov_5.633803,263,18.25,49.81,16.35,15.59
NODE_346_length_310_cov_5.141935,360,12.5,37.22,31.94,18.33
NODE_347_length_125_cov_7.232000,175,24.0,45.14,17.71,13.14
NODE_348_length_100_cov_7.360000,150,21.33,30.0,23.33,25.33
NODE_350_length_229_cov_5.973799,279,14.34,50.54,22.22,12.9
NODE_351_length_174_cov_18.356321,224,16.96,45.09,24.55,13.39
NODE_352_length_125_cov_2.096000,175,15.43,50.29,24.57,9.71
NODE_353_length_129_cov_10.837210,179,25.7,46.37,19.55,8.38
NODE_354_length_169_cov_4.911242,219,15.07,48.86,26.03,10.05
NODE_356_length_214_cov_7.028038,264,23.11,44.32,21.97,10.61
NODE_357_length_129_cov_4.651163,179,24.02,45.25,13.97,16.76
NODE_358_length_207_cov_5.478261,257,17.12,27.24,20.23,35.41
NODE_359_length_192_cov_3.958333,242,26.45,35.54,22.73,15.29
NODE_360_length_187_cov_7.326203,237,9.28,40.08,35.44,15.19
NODE_361_length_155_cov_6.451613,205,14.15,43.41,25.37,17.07
NODE_362_length_105_cov_3.809524,155,16.77,38.71,29.03,15.48
NODE_364_length_138_cov_7.246377,188,13.83,34.57,29.26,22.34
NODE_365_length_142_cov_4.267606,192,10.94,54.69,19.27,15.1
NODE_366_length_395_cov_4.992405,445,16.85,24.72,39.33,19.1
NODE_367_length_258_cov_4.728682,308,19.81,27.27,29.87,23.05
NODE_368_length_129_cov_5.333333,179,22.91,26.82,24.02,26.26
NODE_369_length_216_cov_5.555555,266,22.93,31.58,28.57,16.92
NODE_380_length_104_cov_13.115385,154,22.73,32.47,28.57,16.23
NODE_381_length_123_cov_6.406504,173,28.32,40.46,17.92,13.29
NODE_382_length_163_cov_5.852761,213,26.76,27.7,12.21,33.33
NODE_383_length_174_cov_3.448276,224,14.73,37.5,32.14,15.62
NODE_384_length_104_cov_2.153846,154,17.53,38.96,22.73,20.78
NODE_385_length_217_cov_6.783410,267,16.85,43.45,21.72,17.98
NODE_386_length_176_cov_4.545455,226,15.93,34.96,28.32,20.8
NODE_387_length_125_cov_6.320000,175,10.29,28.57,24.57,36.57
NODE_388_length_157_cov_5.808917,207,13.53,37.2,34.78,14.49
NODE_389_length_147_cov_8.163265,197,23.86,44.67,27.41,4.06
NODE_397_length_170_cov_4.705883,220,22.73,30.45,11.36,35.45
NODE_398_length_214_cov_3.738318,264,17.8,50.0,15.53,16.67
NODE_399_length_181_cov_7.734807,231,19.91,31.17,25.11,23.81
NODE_400_length_160_cov_3.750000,210,11.9,50.48,24.76,12.86
NODE_402_length_199_cov_3.015075,249,24.9,27.31,23.69,24.1
NODE_403_length_122_cov_34.163933,172,21.51,44.77,20.35,13.37
NODE_404_length_149_cov_3.597316,199,12.06,51.76,21.11,15.08
NODE_405_length_231_cov_3.463203,281,35.59,41.28,7.12,16.01
NODE_412_length_58_cov_24.068966,108,25.0,50.0,15.74,9.26
NODE_413_length_224_cov_5.357143,274,22.99,28.47,22.63,25.91
NODE_414_length_139_cov_2.877698,189,21.69,39.15,23.28,15.87
NODE_415_length_198_cov_7.585859,248,23.79,29.03,22.58,24.6
NODE_416_length_118_cov_11.728813,168,21.43,42.86,23.21,12.5
NODE_417_length_207_cov_3.864734,257,26.46,42.02,15.95,15.56
NODE_418_length_174_cov_4.114943,224,10.27,50.89,12.05,26.79
NODE_419_length_146_cov_6.287671,196,15.31,45.92,26.02,12.76
NODE_420_length_217_cov_4.930876,267,16.85,47.19,22.85,13.11
NODE_421_length_133_cov_4.511278,183,16.94,33.33,15.85,33.88
NODE_422_length_350_cov_4.417143,400,15.75,35.5,35.5,13.25
NODE_423_length_161_cov_2.024845,211,11.85,48.34,32.23,7.58
NODE_424_length_189_cov_5.291005,239,18.83,33.47,23.85,23.85
NODE_425_length_117_cov_73.358971,167,28.14,35.93,15.57,20.36
NODE_430_length_138_cov_4.347826,188,22.87,25.0,18.62,33.51
NODE_431_length_149_cov_4.348993,199,12.06,62.81,20.6,4.52
NODE_432_length_184_cov_5.434783,234,9.4,48.29,31.2,11.11
NODE_433_length_145_cov_5.517241,195,11.79,32.31,37.44,18.46
NODE_434_length_190_cov_4.905263,240,19.58,50.83,19.58,10.0
NODE_435_length_201_cov_7.880597,251,20.72,36.25,22.31,20.72
NODE_436_length_397_cov_6.382872,447,21.03,44.07,20.36,14.54
NODE_437_length_166_cov_6.638554,216,16.67,29.17,38.89,15.28
NODE_438_length_175_cov_8.377143,225,19.56,44.0,23.56,12.89
NODE_439_length_149_cov_5.369128,199,16.08,55.28,16.58,12.06
NODE_440_length_168_cov_5.619048,218,5.96,55.96,26.61,11.47
NODE_441_length_163_cov_10.809816,213,17.37,47.42,25.35,9.86
NODE_442_length_139_cov_6.546762,189,14.81,42.86,22.22,20.11
NODE_443_length_160_cov_6.200000,210,21.43,29.05,25.71,23.81
NODE_444_length_141_cov_5.134752,191,11.52,34.03,40.84,13.61
NODE_445_length_120_cov_7.566667,170,30.59,31.76,6.47,31.18
NODE_447_length_210_cov_8.628572,260,25.38,43.85,16.54,14.23
NODE_448_length_288_cov_6.236111,338,21.89,46.15,25.74,6.21
NODE_461_length_149_cov_7.006711,199,24.62,43.72,15.58,16.08
NODE_464_length_159_cov_3.773585,209,18.18,37.32,24.4,20.1
NODE_465_length_138_cov_7.927536,188,11.7,35.64,41.49,11.17
NODE_467_length_165_cov_8.387878,215,20.0,40.93,26.05,13.02
NODE_468_length_206_cov_5.825243,256,19.14,38.28,21.09,21.48
NODE_469_length_200_cov_6.410000,250,24.0,37.2,25.6,13.2
NODE_470_length_215_cov_4.093023,265,19.62,39.25,18.87,22.26
NODE_471_length_141_cov_4.255319,191,36.65,35.08,16.75,11.52
NODE_472_length_138_cov_6.420290,188,11.17,43.62,30.32,14.89
NODE_473_length_199_cov_9.869347,249,28.11,31.73,21.29,18.88
NODE_474_length_145_cov_8.275862,195,18.97,33.85,35.9,11.28
NODE_475_length_240_cov_5.308333,290,19.66,47.24,20.0,13.1
NODE_476_length_206_cov_4.854369,256,23.83,30.47,21.48,24.22
NODE_477_length_184_cov_4.347826,234,31.2,39.32,19.66,9.83
NODE_478_length_121_cov_3.305785,171,35.09,32.75,14.04,18.13
NODE_479_length_131_cov_4.580153,181,24.31,25.41,18.23,32.04
NODE_480_length_110_cov_5.454545,160,20.0,40.0,15.62,24.38
NODE_481_length_217_cov_3.576037,267,10.11,33.33,38.95,17.6
NODE_482_length_203_cov_4.926108,253,12.25,45.06,28.85,13.83
NODE_483_length_177_cov_10.892655,227,16.3,30.84,34.36,18.5
NODE_484_length_180_cov_5.377778,230,32.61,17.83,11.3,38.26
NODE_485_length_208_cov_10.500000,258,17.44,43.41,21.32,17.83
NODE_486_length_106_cov_6.358490,156,11.54,55.13,24.36,8.97
NODE_487_length_181_cov_5.524862,231,17.32,48.48,15.15,19.05
NODE_504_length_208_cov_15.163462,258,26.36,31.4,11.24,31.01
NODE_505_length_104_cov_3.307692,154,15.58,55.19,20.78,8.44
NODE_506_length_328_cov_5.018293,378,22.22,21.43,29.89,26.46
NODE_507_length_194_cov_6.103093,244,29.92,35.66,22.54,11.89
NODE_508_length_196_cov_9.357142,246,28.86,22.36,24.39,24.39
NODE_509_length_102_cov_7.843137,152,9.21,27.63,44.08,19.08
NODE_510_length_132_cov_3.030303,182,10.99,43.96,30.22,14.84
NODE_511_length_181_cov_2.209945,231,27.27,42.42,14.29,16.02
NODE_512_length_206_cov_4.776699,256,11.33,27.34,38.67,22.66
NODE_513_length_181_cov_2.209945,231,13.42,34.63,35.5,16.45
NODE_514_length_128_cov_15.546875,178,17.42,38.2,28.65,15.73
NODE_515_length_124_cov_4.838710,174,12.07,56.9,23.56,7.47
NODE_516_length_257_cov_10.894941,307,17.92,43.65,25.08,13.36
NODE_519_length_181_cov_6.629834,231,19.48,43.29,23.81,13.42
NODE_520_length_245_cov_5.714286,295,14.92,46.1,27.12,11.86
NODE_521_length_221_cov_9.601810,271,10.7,50.55,23.99,14.76
NODE_531_length_162_cov_6.160494,212,9.91,34.91,42.45,12.74
NODE_532_length_149_cov_8.738256,199,16.58,35.68,27.14,20.6
NODE_533_length_119_cov_5.042017,169,11.24,38.46,36.09,14.2
NODE_534_length_131_cov_9.145039,181,14.92,27.62,38.67,18.78
NODE_535_length_184_cov_3.260870,234,20.51,31.2,23.08,25.21
NODE_536_length_113_cov_4.088496,163,19.63,38.04,28.22,14.11
NODE_545_length_139_cov_5.625899,189,21.69,44.97,22.22,11.11
NODE_546_length_122_cov_13.540983,172,22.67,47.09,19.19,11.05
NODE_547_length_153_cov_3.333333,203,20.69,45.32,20.69,13.3
NODE_548_length_137_cov_4.846715,187,19.25,29.41,31.55,19.79
NODE_549_length_185_cov_7.037838,235,16.6,48.51,14.89,20.0
NODE_550_length_123_cov_3.577236,173,17.34,44.51,11.56,26.59
NODE_551_length_173_cov_6.554914,223,17.04,30.49,34.98,17.49
NODE_552_length_169_cov_3.550296,219,17.81,46.58,19.63,15.98
NODE_553_length_311_cov_7.183280,361,17.45,35.18,32.69,14.68
NODE_554_length_222_cov_6.126126,272,22.06,25.37,27.94,24.63
NODE_555_length_170_cov_4.658823,220,32.27,26.82,18.64,22.27
NODE_556_length_124_cov_5.564516,174,24.71,32.76,16.67,25.86
NODE_559_length_112_cov_3.107143,162,19.14,48.15,16.05,16.67
NODE_560_length_356_cov_6.539326,406,15.76,40.39,33.5,10.34
NODE_561_length_187_cov_5.037433,237,16.03,37.55,29.96,16.46
NODE_562_length_210_cov_5.714286,260,25.0,33.08,18.85,23.08
NODE_563_length_211_cov_4.265403,261,17.62,34.87,24.14,23.37
NODE_564_length_210_cov_6.666667,260,36.15,17.69,17.69,28.46
NODE_567_length_170_cov_2.352941,220,19.55,30.45,29.09,20.91
NODE_568_length_163_cov_4.159509,213,27.23,23.0,14.55,35.21
NODE_569_length_165_cov_2.424242,215,13.02,44.19,28.84,13.95
NODE_570_length_215_cov_4.651163,265,15.09,44.91,28.68,11.32
NODE_571_length_161_cov_10.596273,211,19.43,34.12,35.07,11.37
NODE_572_length_139_cov_14.863309,189,21.16,43.39,22.75,12.7
NODE_573_length_197_cov_3.045685,247,17.0,51.01,20.65,11.34
NODE_574_length_183_cov_4.448087,233,12.02,45.06,27.47,15.45
NODE_575_length_162_cov_3.913580,212,17.45,42.92,16.98,22.64
NODE_576_length_218_cov_4.596330,268,34.33,24.63,8.58,32.46
NODE_577_length_158_cov_6.367089,208,25.48,35.58,25.0,13.94
NODE_578_length_365_cov_6.027397,415,24.1,40.24,23.13,12.53
NODE_579_length_225_cov_4.595556,275,14.55,29.09,46.18,10.18
NODE_580_length_125_cov_3.200000,175,23.43,26.86,21.14,28.57
NODE_581_length_201_cov_5.970149,251,33.86,24.3,9.56,32.27
NODE_582_length_105_cov_3.809524,155,19.35,44.52,22.58,13.55
NODE_583_length_102_cov_3.921569,152,17.11,37.5,26.32,19.08
NODE_584_length_120_cov_6.666667,170,20.0,31.76,30.0,18.24
NODE_585_length_164_cov_6.341464,214,21.03,40.65,24.3,14.02
NODE_586_length_111_cov_5.621622,161,25.47,44.1,14.91,15.53
NODE_587_length_151_cov_10.066225,201,24.88,46.77,16.42,11.94
NODE_588_length_132_cov_3.621212,182,18.68,45.6,25.27,10.44
NODE_589_length_149_cov_4.590604,199,23.62,40.2,22.61,13.57
NODE_590_length_172_cov_9.162790,222,21.62,24.77,24.77,28.83
NODE_591_length_223_cov_7.237668,273,26.01,34.8,18.32,20.88
NODE_592_length_171_cov_13.894737,221,16.29,52.04,19.91,11.76
NODE_593_length_209_cov_10.526316,259,21.24,31.66,23.55,23.55
NODE_596_length_147_cov_2.353741,197,9.64,33.5,34.01,22.84
NODE_597_length_164_cov_8.536586,214,16.36,47.2,23.36,13.08
NODE_598_length_152_cov_3.947368,202,17.82,49.01,19.31,13.86
NODE_599_length_294_cov_14.136054,344,12.21,32.56,41.57,13.66
NODE_600_length_219_cov_5.479452,269,13.38,41.64,32.71,12.27
NODE_601_length_154_cov_5.194805,204,15.69,52.45,23.53,8.33
NODE_602_length_200_cov_4.000000,250,13.6,35.2,32.0,19.2
NODE_603_length_201_cov_4.815920,251,21.91,34.26,22.71,21.12
NODE_614_length_169_cov_3.550296,219,35.62,51.14,9.13,4.11
NODE_615_length_190_cov_6.726316,240,19.58,28.75,20.83,30.83
NODE_616_length_222_cov_15.666667,272,37.13,20.22,21.32,21.32
NODE_617_length_204_cov_4.901961,254,28.74,23.62,18.11,29.53
NODE_618_length_176_cov_2.272727,226,10.62,27.88,30.09,31.42
NODE_619_length_161_cov_7.440994,211,36.49,33.18,11.37,18.96
NODE_620_length_180_cov_3.622222,230,16.09,42.17,25.65,16.09
NODE_622_length_183_cov_6.557377,233,27.9,32.62,17.6,21.89
NODE_623_length_130_cov_10.015385,180,22.78,53.33,18.89,5.0
NODE_624_length_171_cov_4.549707,221,14.48,31.67,30.77,23.08
NODE_634_length_149_cov_2.684564,199,20.1,35.18,27.64,17.09
NODE_635_length_184_cov_6.510870,234,21.79,53.85,20.51,3.85
NODE_636_length_179_cov_4.469274,229,11.35,46.72,28.82,13.1
NODE_637_length_105_cov_4.609524,155,26.45,32.26,19.35,21.94
NODE_638_length_51_cov_9.764706,101,12.87,57.43,20.79,8.91
NODE_641_length_214_cov_4.672897,264,25.76,23.86,25.0,25.38
NODE_642_length_240_cov_13.566667,290,14.83,33.45,30.69,21.03
NODE_649_length_120_cov_3.250000,170,31.76,27.06,20.0,21.18
NODE_651_length_220_cov_10.372727,270,28.15,26.67,13.7,31.48
NODE_652_length_213_cov_7.502347,263,8.75,29.66,47.53,14.07
NODE_656_length_58_cov_2.965517,108,22.22,48.15,17.59,12.04
NODE_657_length_208_cov_6.298077,258,17.83,46.9,24.42,10.85
NODE_658_length_180_cov_4.444445,230,25.65,26.96,27.39,20.0
NODE_659_length_261_cov_4.597701,311,21.54,40.84,21.22,16.4
NODE_660_length_119_cov_5.042017,169,34.91,35.5,13.61,15.98
NODE_661_length_145_cov_4.248276,195,21.03,41.54,16.92,20.51
NODE_662_length_160_cov_2.812500,210,17.62,39.05,26.67,16.67
NODE_663_length_150_cov_6.666667,200,27.5,26.5,19.5,26.5
NODE_664_length_181_cov_7.734807,231,20.35,25.97,29.0,24.68
NODE_665_length_181_cov_3.314917,231,23.38,32.47,9.96,34.2
NODE_666_length_225_cov_9.777778,275,19.64,35.27,29.09,16.0
NODE_668_length_143_cov_4.349650,193,21.24,30.05,23.83,24.87
NODE_669_length_103_cov_2.582524,153,16.99,50.98,22.88,9.15
NODE_670_length_267_cov_4.913857,317,25.24,41.01,21.45,12.3
NODE_671_length_191_cov_9.141361,241,26.56,40.66,19.5,13.28
NODE_672_length_202_cov_4.950495,252,29.37,35.71,13.1,21.83
NODE_673_length_138_cov_4.550725,188,12.23,48.94,28.19,10.64
NODE_674_length_157_cov_6.000000,207,20.77,43.48,22.22,13.53
NODE_675_length_186_cov_4.849463,236,13.14,48.31,19.07,19.49
NODE_676_length_155_cov_6.451613,205,23.9,34.63,9.76,31.71
NODE_677_length_113_cov_6.584071,163,14.72,55.83,19.63,9.82
NODE_678_length_280_cov_5.964286,330,11.82,48.79,26.67,12.73
NODE_679_length_164_cov_155.097565,214,27.57,30.37,17.76,24.3
NODE_680_length_171_cov_11.005848,221,19.0,52.49,13.57,14.93
NODE_681_length_180_cov_3.555556,230,25.22,43.04,23.04,8.7
NODE_682_length_102_cov_3.921569,152,31.58,26.32,5.26,36.84
NODE_683_length_211_cov_4.767773,261,16.48,57.85,14.56,11.11
NODE_684_length_125_cov_4.800000,175,14.86,61.71,16.0,7.43
NODE_685_length_396_cov_4.818182,446,26.23,20.18,23.54,30.04
NODE_688_length_327_cov_8.819571,377,21.75,21.22,32.1,24.93
NODE_689_length_193_cov_8.290155,243,20.99,32.1,28.81,18.11
NODE_690_length_295_cov_3.532203,345,24.35,46.96,15.94,12.75
NODE_691_length_149_cov_5.973155,199,16.08,42.71,24.62,16.58
NODE_692_length_135_cov_3.362963,185,23.24,25.95,27.03,23.78
NODE_693_length_141_cov_4.496454,191,39.27,27.75,7.85,25.13
NODE_699_length_152_cov_6.302631,202,16.34,39.11,21.29,23.27
NODE_700_length_159_cov_6.201258,209,22.97,36.84,17.7,22.49
NODE_701_length_131_cov_3.053435,181,23.76,46.41,20.44,9.39
NODE_702_length_224_cov_6.482143,274,17.52,41.97,22.63,17.88
NODE_704_length_180_cov_10.177778,230,24.35,27.39,29.13,19.13
NODE_705_length_127_cov_2.393701,177,32.2,41.24,15.25,11.3
NODE_706_length_146_cov_3.712329,196,19.9,51.53,21.43,7.14
NODE_707_length_189_cov_6.444445,239,15.9,49.37,22.18,12.55
NODE_708_length_136_cov_2.941176,186,32.8,29.03,12.9,25.27
NODE_709_length_222_cov_6.630630,272,22.06,44.85,21.32,11.76
NODE_710_length_171_cov_6.046783,221,23.53,42.53,19.91,14.03
NODE_711_length_130_cov_5.046154,180,30.56,44.44,16.11,8.89
NODE_712_length_158_cov_2.531646,208,33.65,43.27,7.21,15.87
NODE_713_length_433_cov_6.886836,483,16.98,54.87,19.25,8.9
NODE_714_length_186_cov_8.376344,236,17.37,44.92,22.46,15.25
NODE_715_length_229_cov_7.807860,279,12.19,44.8,24.73,18.28
NODE_716_length_170_cov_4.094118,220,21.36,46.82,15.0,16.82
NODE_717_length_268_cov_4.619403,318,25.47,30.19,22.33,22.01
NODE_718_length_213_cov_6.572770,263,15.97,34.6,34.98,14.45
NODE_720_length_147_cov_5.387755,197,14.21,42.64,30.96,12.18
NODE_721_length_220_cov_4.881818,270,13.7,55.93,25.56,4.81
NODE_722_length_111_cov_2.126126,161,26.09,27.95,16.77,29.19
NODE_723_length_165_cov_4.206060,215,21.4,34.42,23.72,20.47
NODE_724_length_111_cov_3.027027,161,24.22,50.31,19.25,6.21
NODE_725_length_149_cov_6.107383,199,24.62,28.64,19.6,27.14
NODE_726_length_202_cov_5.405941,252,17.06,38.89,25.4,18.65
NODE_729_length_158_cov_8.860760,208,12.5,50.0,25.0,12.5
NODE_730_length_175_cov_3.440000,225,17.33,38.22,32.44,12.0
NODE_731_length_226_cov_5.398230,276,10.14,50.0,30.8,9.06
NODE_743_length_169_cov_5.668639,219,31.05,21.92,20.55,26.48
NODE_746_length_349_cov_3.896848,399,19.8,46.62,25.06,8.52
NODE_747_length_195_cov_3.876923,245,18.78,48.98,26.53,5.71
NODE_748_length_196_cov_7.418367,246,17.48,51.22,14.63,16.67
NODE_750_length_191_cov_2.879581,241,21.58,48.55,17.43,12.45
NODE_751_length_162_cov_5.641975,212,23.58,32.55,22.64,21.23
NODE_752_length_170_cov_9.447059,220,25.45,39.09,18.18,17.27
NODE_753_length_149_cov_6.939597,199,17.09,49.75,14.57,18.59
NODE_754_length_164_cov_3.963415,214,20.56,49.07,21.96,8.41
NODE_755_length_192_cov_7.354167,242,11.57,43.39,24.38,20.66
NODE_756_length_201_cov_6.616915,251,20.72,41.43,10.76,27.09
NODE_757_length_131_cov_4.366412,181,37.02,32.04,18.23,12.71
NODE_758_length_210_cov_5.990476,260,10.38,41.15,36.15,12.31
NODE_759_length_148_cov_4.783784,198,23.23,41.41,20.71,14.65
NODE_760_length_143_cov_6.573427,193,17.1,23.83,34.2,24.87
NODE_761_length_201_cov_4.268657,251,26.29,48.61,11.16,13.94
NODE_762_length_180_cov_8.888889,230,31.74,25.22,19.13,23.91
NODE_763_length_135_cov_3.333333,185,21.08,34.05,31.35,13.51
NODE_764_length_160_cov_8.237500,210,18.57,48.57,20.95,11.9
NODE_765_length_165_cov_8.484848,215,13.49,45.58,30.7,10.23
NODE_766_length_308_cov_7.415585,358,25.7,24.3,34.64,15.36
NODE_767_length_166_cov_8.096386,216,26.85,36.57,27.31,9.26
NODE_768_length_131_cov_4.259542,181,23.2,39.78,19.89,17.13
NODE_769_length_298_cov_2.261745,348,11.78,37.36,38.22,12.64
NODE_774_length_123_cov_46.162601,173,12.72,50.87,27.17,9.25
NODE_775_length_192_cov_6.250000,242,14.46,47.52,22.31,15.7
NODE_776_length_165_cov_3.636364,215,29.77,28.37,13.49,28.37
NODE_777_length_175_cov_6.422857,225,13.78,43.11,26.67,16.44
NODE_778_length_378_cov_7.910053,428,23.83,34.81,18.93,22.43
NODE_779_length_167_cov_5.928144,217,11.06,36.87,30.41,21.66
NODE_784_length_153_cov_78.405228,203,16.75,27.09,23.65,32.51
NODE_785_length_111_cov_5.567567,161,21.74,46.58,16.15,15.53
NODE_786_length_312_cov_4.852564,362,21.27,51.93,19.34,7.46
NODE_787_length_176_cov_3.409091,226,16.37,39.38,31.42,12.83
NODE_788_length_210_cov_4.761905,260,23.85,29.62,25.38,21.15
NODE_789_length_186_cov_7.526882,236,21.19,39.83,27.12,11.86
NODE_790_length_177_cov_6.632768,227,33.48,30.84,11.01,24.67
NODE_791_length_118_cov_6.779661,168,22.62,43.45,24.4,9.52
NODE_801_length_157_cov_9.566879,207,11.59,56.04,26.09,6.28
NODE_802_length_192_cov_5.260417,242,30.58,35.95,9.09,24.38
NODE_804_length_194_cov_4.278350,244,20.49,27.87,24.59,27.05
NODE_805_length_180_cov_2.222222,230,25.22,30.87,26.96,16.96
NODE_806_length_165_cov_3.636364,215,21.86,37.21,20.47,20.47
NODE_807_length_167_cov_3.592814,217,16.59,43.32,19.35,20.74
NODE_808_length_422_cov_3.677725,472,12.29,34.53,42.16,11.02
NODE_809_length_259_cov_4.254826,309,20.06,38.51,22.98,18.45
NODE_810_length_161_cov_4.968944,211,18.96,42.18,22.75,16.11
NODE_813_length_190_cov_3.157895,240,25.83,26.67,22.5,25.0
NODE_821_length_78_cov_14.769231,128,13.28,50.0,25.78,10.94
NODE_822_length_156_cov_5.423077,206,24.76,47.57,16.99,10.68
NODE_823_length_177_cov_6.508474,227,13.22,48.9,21.15,16.74
NODE_824_length_186_cov_5.989247,236,32.63,28.39,14.83,24.15
NODE_825_length_103_cov_10.038835,153,24.84,33.99,15.03,26.14
NODE_826_length_161_cov_6.211180,211,10.43,48.34,25.12,16.11
NODE_827_length_164_cov_2.439024,214,32.24,21.96,19.63,26.17
NODE_828_length_136_cov_4.250000,186,33.87,36.02,10.75,19.35
NODE_829_length_173_cov_3.895954,223,26.91,32.29,8.07,32.74
NODE_832_length_136_cov_2.941176,186,18.28,52.15,19.89,9.68
NODE_833_length_121_cov_11.702479,171,23.98,42.11,16.96,16.96
NODE_834_length_132_cov_7.924242,182,17.03,26.37,24.73,31.87
NODE_840_length_513_cov_36.183235,563,19.18,50.44,18.12,12.26
NODE_841_length_190_cov_5.778947,240,17.92,41.67,18.75,21.67
NODE_842_length_192_cov_3.125000,242,21.9,48.76,16.53,12.81
NODE_843_length_142_cov_5.633803,192,14.06,51.56,21.88,12.5
NODE_844_length_150_cov_6.666667,200,15.0,40.0,29.0,16.0
NODE_845_length_213_cov_5.389671,263,30.42,28.14,8.75,32.7
NODE_846_length_203_cov_5.911330,253,30.43,29.64,22.53,17.39
NODE_847_length_183_cov_5.464481,233,27.04,26.18,14.59,32.19
NODE_848_length_283_cov_4.946997,333,24.32,39.94,16.82,18.92
NODE_849_length_198_cov_9.101010,248,16.13,54.44,23.79,5.65
NODE_850_length_226_cov_7.079646,276,24.28,36.59,17.39,21.74
NODE_851_length_189_cov_5.280423,239,12.97,51.05,23.85,12.13
NODE_852_length_155_cov_7.148387,205,21.46,37.56,11.22,29.76
NODE_853_length_170_cov_5.882353,220,16.82,32.73,28.64,21.82
NODE_854_length_195_cov_3.076923,245,12.24,51.02,20.0,16.73
NODE_855_length_195_cov_6.153846,245,15.92,34.29,37.55,12.24
NODE_856_length_223_cov_4.080718,273,24.91,44.69,17.58,12.82
NODE_857_length_84_cov_5.142857,134,24.63,46.27,17.91,11.19
NODE_867_length_162_cov_6.567901,212,23.58,39.15,23.58,13.68
NODE_868_length_156_cov_5.358974,206,20.39,43.2,24.27,12.14
NODE_869_length_228_cov_5.877193,278,25.9,41.01,12.23,20.86
NODE_870_length_203_cov_7.743843,253,16.21,40.71,17.79,25.3
NODE_871_length_124_cov_19.209677,174,19.54,44.83,25.29,10.34
NODE_872_length_395_cov_6.526582,445,14.16,44.27,32.36,9.21
NODE_873_length_151_cov_2.649007,201,33.83,34.83,12.44,18.91
NODE_874_length_198_cov_5.929293,248,16.94,28.23,26.61,28.23
NODE_875_length_164_cov_6.097561,214,21.5,51.4,17.76,9.35
NODE_876_length_217_cov_6.341014,267,9.36,33.71,43.82,13.11
NODE_877_length_197_cov_10.152285,247,22.67,35.22,24.29,17.81
NODE_878_length_174_cov_8.356322,224,13.39,47.32,29.02,10.27
NODE_879_length_213_cov_4.694836,263,13.69,34.6,35.74,15.97
NODE_880_length_163_cov_6.134969,213,15.02,47.42,27.7,9.86
NODE_881_length_212_cov_7.547170,262,26.72,55.73,9.54,8.02
NODE_882_length_253_cov_5.533597,303,12.87,53.8,22.11,11.22
NODE_883_length_186_cov_4.838710,236,16.95,37.29,30.51,15.25
NODE_884_length_175_cov_3.554286,225,18.22,46.22,28.0,7.56
NODE_885_length_159_cov_5.106918,209,30.62,43.06,10.05,16.27
NODE_886_length_205_cov_5.843903,255,10.59,38.43,31.76,19.22
NODE_887_length_199_cov_4.020101,249,26.91,49.0,10.04,14.06
NODE_888_length_123_cov_8.731708,173,22.54,47.4,22.54,7.51
NODE_889_length_196_cov_10.877551,246,27.64,32.52,13.41,26.42
NODE_890_length_142_cov_2.816901,192,21.35,36.98,18.23,23.44
NODE_891_length_165_cov_4.848485,215,24.65,33.49,15.81,26.05
NODE_892_length_166_cov_11.554217,216,25.93,50.0,10.65,13.43
NODE_893_length_126_cov_9.238095,176,24.43,37.5,14.77,23.3
NODE_894_length_110_cov_5.454545,160,16.88,39.38,16.88,26.88
NODE_895_length_200_cov_3.000000,250,22.8,30.4,22.8,24.0
NODE_896_length_214_cov_6.542056,264,24.24,43.18,21.97,10.61
NODE_897_length_217_cov_15.861752,267,26.22,33.33,20.22,20.22
NODE_898_length_200_cov_6.780000,250,18.8,36.4,25.6,19.2
NODE_899_length_181_cov_5.524862,231,23.38,25.97,31.17,19.48
NODE_900_length_202_cov_3.960396,252,15.08,42.06,27.78,15.08
NODE_901_length_203_cov_11.655172,253,27.27,31.23,19.76,21.74
NODE_902_length_179_cov_6.312849,229,13.97,48.91,17.03,20.09
NODE_903_length_143_cov_3.860140,193,27.46,34.2,15.03,23.32
NODE_904_length_109_cov_3.284404,159,13.21,42.77,27.67,16.35
NODE_905_length_246_cov_7.447155,296,13.85,41.89,20.61,23.65
NODE_913_length_203_cov_5.911330,253,11.86,35.18,31.23,21.74
NODE_914_length_210_cov_5.895238,260,16.54,49.62,22.31,11.54
NODE_915_length_209_cov_4.679426,259,11.97,52.51,27.03,8.49
NODE_916_length_387_cov_9.400517,437,18.31,40.96,28.83,11.9
NODE_921_length_212_cov_11.084906,262,24.05,33.59,18.32,24.05
NODE_931_length_157_cov_2.547771,207,16.43,37.68,25.6,20.29
NODE_932_length_114_cov_3.508772,164,11.59,37.2,37.8,13.41
NODE_933_length_164_cov_7.317073,214,22.43,42.06,22.9,12.62
NODE_934_length_170_cov_5.882353,220,27.73,20.0,21.36,30.91
NODE_935_length_107_cov_7.102804,157,18.47,62.42,14.01,5.1
NODE_936_length_108_cov_10.629630,158,16.46,46.84,20.89,15.82
NODE_937_length_223_cov_8.968610,273,12.82,44.32,23.81,19.05
NODE_938_length_125_cov_28.912001,175,19.43,42.29,26.29,12.0
NODE_939_length_128_cov_7.015625,178,19.1,48.88,23.6,8.43
NODE_940_length_228_cov_4.605263,278,20.86,34.53,30.58,14.03
NODE_941_length_207_cov_6.270531,257,22.18,44.36,22.96,10.51
NODE_942_length_163_cov_8.171779,213,22.54,36.15,23.47,17.84
NODE_943_length_209_cov_11.483253,259,41.7,16.6,10.42,31.27
NODE_951_length_99_cov_9.070707,149,13.42,52.35,27.52,6.71
NODE_952_length_214_cov_4.672897,264,13.64,47.35,18.94,20.08
NODE_953_length_227_cov_5.286344,277,23.83,26.71,14.08,35.38
NODE_954_length_126_cov_3.174603,176,19.89,47.16,18.18,14.77
NODE_955_length_178_cov_4.921348,228,23.25,42.54,18.42,15.79
NODE_956_length_204_cov_7.843137,254,20.47,41.34,22.83,15.35
NODE_957_length_180_cov_5.244444,230,17.83,31.74,25.22,25.22
NODE_958_length_134_cov_4.477612,184,20.11,38.04,23.91,17.93
NODE_959_length_144_cov_4.791667,194,24.74,45.88,20.1,9.28
NODE_963_length_160_cov_3.200000,210,29.05,50.48,5.24,15.24
NODE_964_length_135_cov_7.851852,185,7.57,51.89,28.65,11.89
NODE_965_length_186_cov_9.677420,236,25.42,34.75,25.42,14.41
NODE_978_length_129_cov_9.906977,179,27.93,27.37,22.91,21.79
NODE_979_length_326_cov_4.944785,376,26.6,38.03,15.96,19.41
NODE_981_length_163_cov_4.883436,213,15.02,42.25,28.17,14.55
NODE_982_length_148_cov_2.702703,198,16.16,45.45,21.21,17.17
NODE_983_length_69_cov_13.666667,119,18.49,47.9,25.21,8.4
NODE_989_length_210_cov_6.152381,260,18.08,40.0,25.38,16.54
NODE_990_length_159_cov_7.547170,209,15.79,49.28,23.44,11.48
NODE_991_length_189_cov_5.068783,239,26.36,34.31,25.1,14.23
NODE_992_length_140_cov_5.000000,190,17.89,51.05,21.58,9.47
NODE_1000_length_105_cov_6.419048,155,18.71,53.55,19.35,8.39
NODE_1001_length_154_cov_4.857143,204,19.61,48.04,19.61,12.75
NODE_1002_length_142_cov_2.816901,192,16.67,42.19,16.15,25.0
NODE_1003_length_208_cov_7.692307,258,29.84,37.6,11.24,21.32
NODE_1004_length_162_cov_2.469136,212,9.91,39.15,36.79,14.15
NODE_1005_length_106_cov_3.773585,156,17.95,37.82,28.21,16.03
NODE_1006_length_207_cov_6.512077,257,15.18,35.41,29.18,20.23
NODE_1007_length_156_cov_5.128205,206,24.27,35.92,6.8,33.01
NODE_1009_length_198_cov_5.050505,248,8.47,49.6,27.42,14.52
NODE_1010_length_280_cov_6.985714,330,19.39,55.76,15.76,9.09
NODE_1011_length_192_cov_4.843750,242,14.05,23.55,23.14,39.26
NODE_1012_length_156_cov_6.820513,206,16.5,55.34,15.05,13.11
NODE_1013_length_261_cov_7.601532,311,14.15,31.83,39.87,14.15
NODE_1014_length_187_cov_2.620321,237,13.5,48.1,21.94,16.46
NODE_1015_length_182_cov_5.659341,232,19.83,44.4,22.41,13.36
NODE_1016_length_275_cov_8.240000,325,17.54,44.0,25.85,12.62
NODE_1017_length_195_cov_2.010257,245,33.47,32.65,12.65,21.22
NODE_1018_length_109_cov_10.073395,159,15.09,60.38,15.72,8.81
NODE_1019_length_139_cov_5.496403,189,15.87,40.74,29.1,14.29
NODE_1023_length_82_cov_4.024390,132,7.58,49.24,0.0,43.18
NODE_1024_length_126_cov_3.714286,176,23.3,38.07,20.45,18.18
NODE_1025_length_274_cov_5.956204,324,10.49,37.96,39.2,12.35
NODE_1026_length_178_cov_2.393258,228,19.74,36.84,28.07,15.35
NODE_1027_length_326_cov_5.509202,376,11.97,44.95,20.48,22.61
NODE_1028_length_103_cov_3.883495,153,34.64,35.95,9.15,20.26
NODE_1029_length_201_cov_9.791045,251,21.91,34.66,20.32,23.11
NODE_1030_length_130_cov_10.692307,180,20.0,30.0,25.56,24.44
NODE_1031_length_152_cov_4.407895,202,18.81,41.58,26.73,12.87
NODE_1032_length_122_cov_3.278688,172,18.6,51.74,18.6,11.05
NODE_1033_length_141_cov_4.255319,191,25.13,31.94,23.56,19.37
NODE_1034_length_172_cov_4.651163,222,33.78,29.73,9.01,27.48
NODE_1036_length_202_cov_8.019802,252,17.46,39.68,16.67,26.19
NODE_1037_length_311_cov_5.035370,361,13.85,23.82,42.38,19.94
NODE_1038_length_120_cov_6.666667,170,23.53,29.41,18.24,28.82
NODE_1039_length_219_cov_8.146119,269,8.92,55.02,23.79,12.27
NODE_1040_length_221_cov_8.117647,271,24.35,29.15,30.63,15.87
NODE_1041_length_120_cov_6.866667,170,17.06,32.94,11.76,38.24
NODE_1042_length_113_cov_7.026549,163,35.58,50.92,8.59,4.91
NODE_1043_length_51_cov_4.784314,101,40.59,47.52,6.93,4.95
NODE_1044_length_285_cov_4.821053,335,12.54,51.64,27.46,8.36
NODE_1045_length_160_cov_5.712500,210,18.1,41.43,21.43,19.05
NODE_1046_length_118_cov_4.593220,168,39.29,22.62,11.31,26.79
NODE_1047_length_205_cov_7.804878,255,14.51,41.57,32.94,10.98
NODE_1048_length_184_cov_4.347826,234,19.23,45.73,24.36,10.68
NODE_1049_length_192_cov_5.208333,242,28.1,26.86,16.94,28.1
NODE_1050_length_160_cov_7.500000,210,15.71,48.57,28.57,7.14
NODE_1053_length_163_cov_3.680982,213,14.08,43.66,26.76,15.49
NODE_1054_length_198_cov_6.060606,248,13.31,25.0,26.21,35.48
NODE_1055_length_160_cov_12.387500,210,17.62,46.67,25.71,10.0
NODE_1057_length_130_cov_6.153846,180,16.67,43.33,27.78,12.22
